000000000 0(0)1(0)2(0)3(1)4(0)5(0)6(0)7(0)8(0)010000200)
010020000 0(0)1(1)2(0)3(0)4(0)5(0)6(0)7(2)8(0)010000200)
210120000 0(0)1(3)2(1)3(0)4(0)5(0)6(0)7(0)8(0)010000200)
210120210 0(0)1(1)2(0)3(0)4(0)5(0)6(0)7(0)8(10)010000200)
211122210 0(0)1(1)2(0)3(0)4(0)5(0)6(0)7(0)8(8)010000200)
000120000 0(0)1(0)2(0)3(1)4(0)5(0)6(0)7(0)8(0)010000200)
020100000 0(0)1(0)2(0)3(1)4(0)5(0)6(0)7(0)8(0)010000200)
220100100 0(0)1(0)2(0)3(1)4(0)5(0)6(0)7(0)8(0)010000200)
220100121 0(0)1(0)2(0)3(1)4(0)5(0)6(0)7(0)8(0)010000200)
000020000 0(0)1(0)2(0)3(1)4(0)5(0)6(0)7(0)8(0)010000200)
002120000 0(0)1(0)2(0)3(1)4(0)5(0)6(0)7(0)8(0)010000200)
200120001 0(0)1(5)2(1)3(0)4(0)5(0)6(0)7(0)8(0)010000200)
210120021 0(0)1(1)2(1)3(0)4(0)5(14)6(0)7(0)8(0)010000200)
211120221 0(0)1(1)2(1)3(0)4(0)5(8)6(0)7(0)8(0)010000200)
002100000 0(0)1(1)2(0)3(1)4(0)5(0)6(0)7(0)8(0)010000200)
212100000 0(0)1(5)2(1)3(0)4(0)5(0)6(0)7(0)8(0)010000200)
212120010 0(0)1(5)2(1)3(0)4(0)5(0)6(0)7(0)8(0)010000200)
212122110 0(0)1(1)2(0)3(0)4(0)5(0)6(0)7(0)8(0)010000200)
020120001 0(0)1(0)2(0)3(1)4(0)5(0)6(0)7(0)8(2)010000200)
020120211 0(0)1(0)2(0)3(1)4(0)5(0)6(0)7(0)8(2)010000200)
200100000 0(0)1(0)2(0)3(1)4(0)5(0)6(0)7(0)8(0)010000200)
210121221 0(0)1(1)2(1)3(0)4(0)5(8)6(0)7(0)8(0)010000200)
002120001 0(0)1(0)2(0)3(1)4(0)5(0)6(0)7(0)8(0)010000200)
200120100 0(0)1(5)2(1)3(0)4(0)5(0)6(0)7(4)8(0)010000200)
012120000 0(0)1(0)2(0)3(1)4(0)5(0)6(0)7(0)8(0)010000200)
001120200 0(0)1(0)2(0)3(1)4(0)5(0)6(0)7(0)8(0)010000200)
201120210 0(0)1(1)2(0)3(0)4(0)5(0)6(0)7(0)8(4)010000200)
221120211 0(0)1(1)2(1)3(0)4(0)5(0)6(0)7(0)8(0)010000200)
201120000 0(0)1(3)2(1)3(0)4(0)5(0)6(0)7(4)8(0)010000200)
212120000 0(0)1(3)2(1)3(0)4(0)5(0)6(0)7(2)8(0)010000200)
212122010 0(0)1(5)2(1)3(0)4(0)5(0)6(0)7(0)8(0)010000200)
121120200 0(0)1(0)2(0)3(1)4(0)5(0)6(0)7(0)8(0)010000200)
